temps	10	20	30	40	50	60	70
5.0	25.797382985355966	25.978960304662944	25.975757314098498	25.975757607709134	25.975757609067028	25.975757609067593	25.97575760906738
6.0	26.98438488924761	25.975602345846255	25.975757420978063	25.97575760913215	25.975757609067273	25.975757609067543	25.975757609067394
7.0	26.76685345779466	25.975555932410888	25.97575763808776	25.975757609064686	25.975757609067266	25.975757609067507	25.975757609067397
8.0	26.317851300407145	25.9757376623972	25.975757609994307	25.975757609067355	25.97575760906725	25.97575760906748	25.975757609067394
9.0	26.032460823655242	25.975769635930963	25.97575760831961	25.97575760906741	25.97575760906724	25.97575760906745	25.975757609067383
10.0	25.92090397639463	25.975762745880704	25.975757609057503	25.975757609066456	25.975757609066292	25.975757609066495	25.975757609066438
11.0	25.90503859351422	25.975758075012543	25.975757609059514	25.975757609035213	25.975757609035036	25.975757609035227	25.975757609035185
12.0	25.92367205689995	25.975757215434356	25.975757608480915	25.97575760847959	25.975757608479398	25.975757608479597	25.975757608479555
13.0	25.94644751901899	25.975757381997223	25.975757602367192	25.975757602368276	25.975757602368073	25.97575760236827	25.975757602368223
14.0	25.963122246674956	25.97575750534111	25.975757556235415	25.97575755623578	25.975757556235568	25.97575755623576	25.975757556235717
15.0	25.97268239724177	25.975757302991287	25.975757298255832	25.97575729825602	25.975757298255797	25.975757298255996	25.975757298255957
16.0	25.977060479952197	25.975756176081163	25.975756166244036	25.97575616624424	25.975756166244008	25.97575616624421	25.975756166244167
17.0	25.97841985335287	25.975752097829993	25.975752093011177	25.975752093011387	25.975752093011153	25.975752093011355	25.97575209301131
18.0	25.9783252874978	25.975739656749827	25.975739655454017	25.975739655454245	25.975739655454	25.975739655454202	25.975739655454156
19.0	25.977690060904692	25.975706544453985	25.975706544447355	25.975706544447583	25.975706544447345	25.97570654444754	25.975706544447497
20.0	25.97694913301216	25.97562801830757	25.97562801852646	25.9756280185267	25.97562801852645	25.975628018526653	25.9756280185266
21.0	25.976239676925474	25.975459204537223	25.97545920468547	25.975459204685702	25.975459204685453	25.97545920468566	25.975459204685606
22.0	25.97552726625974	25.97512554142913	25.975125541491703	25.975125541491934	25.975125541491682	25.975125541491888	25.975125541491835
23.0	25.97467689253278	25.974512104924532	25.974512104941077	25.97451210494132	25.97451210494106	25.974512104941272	25.974512104941212
24.0	25.97348500849581	25.973452893928414	25.97345289392829	25.973452893928524	25.973452893928272	25.973452893928474	25.973452893928417
25.0	25.97168911493286	25.971721298118585	25.971721298115106	25.97172129811534	25.971721298115085	25.9717212981153	25.971721298115238
26.0	25.968967061488122	25.969022904420207	25.969022904417496	25.969022904417734	25.969022904417475	25.969022904417688	25.96902290441762
27.0	25.964933713305285	25.964991551467243	25.9649915514658	25.964991551466042	25.96499155146579	25.964991551465996	25.964991551465925
28.0	25.959139195210838	25.959189179780562	25.959189179779955	25.959189179780196	25.959189179779933	25.959189179780147	25.959189179780083
29.0	25.951070624933802	25.951109624161536	25.951109624161337	25.951109624161575	25.951109624161315	25.95110962416153	25.95110962416146
30.0	25.940157824125198	25.94018611986535	25.94018611986528	25.940186119865526	25.940186119865267	25.940186119865476	25.940186119865412
31.0	25.925782674718537	25.925801991755765	25.925801991755733	25.925801991755975	25.925801991755712	25.925801991755925	25.925801991755854
32.0	25.907291359244528	25.90730378976104	25.907303789761002	25.907303789761247	25.907303789760988	25.907303789761198	25.90730378976113
33.0	25.88400854541136	25.884016028754914	25.884016028754875	25.88401602875511	25.88401602875485	25.884016028755063	25.884016028754992
34.0	25.855252554893084	25.855256676364622	25.85525667636457	25.855256676364803	25.855256676364547	25.855256676364753	25.855256676364682
35.0	25.82035063262826	25.820352589656107	25.82035258965605	25.82035258965628	25.820352589656025	25.82035258965624	25.820352589656167
36.0	25.778653564419567	25.778654209444323	25.778654209444255	25.77865420944449	25.778654209444237	25.778654209444447	25.77865420944437
37.0	25.729549048230712	25.72954895797958	25.72954895797952	25.729548957979745	25.729548957979496	25.7295489579797	25.729548957979635
38.0	25.672473387978627	25.67247293376025	25.672472933760186	25.672472933760417	25.672472933760165	25.67247293376037	25.672472933760297
39.0	25.60692123395988	25.606920642055872	25.60692064205581	25.606920642056036	25.606920642055787	25.606920642055986	25.60692064205592
40.0	25.532453232510377	25.53245263149406	25.532452631493992	25.53245263149422	25.532452631493975	25.532452631494177	25.532452631494106
41.0	25.4487015641985	25.448701019758005	25.448701019757944	25.44870101975817	25.448701019757927	25.448701019758126	25.44870101975805
42.0	25.35537344292908	25.355372982266722	25.355372982266665	25.35537298226688	25.35537298226664	25.355372982266832	25.35537298226677
43.0	25.252252718111528	25.252252346317245	25.252252346317192	25.252252346317405	25.252252346317167	25.252252346317363	25.2522523463173
44.0	25.139199770318488	25.1391994809018	25.139199480901745	25.13919948090195	25.13919948090172	25.13919948090191	25.139199480901848
45.0	25.016149920310685	25.016149701668102	25.01614970166805	25.01614970166825	25.016149701668024	25.016149701668212	25.016149701668148
46.0	24.88311058503017	24.883110424195223	24.883110424195166	24.88311042419537	24.883110424195152	24.88311042419533	24.883110424195273
47.0	24.740157415340445	24.740157299986976	24.740157299986922	24.740157299987125	24.740157299986908	24.74015729998708	24.740157299987022
48.0	24.587429641933234	24.587429561303253	24.5874295613032	24.587429561303395	24.58742956130319	24.58742956130336	24.5874295613033
49.0	24.425124840637256	24.42512478584034	24.42512478584029	24.425124785840477	24.42512478584027	24.42512478584044	24.425124785840385
50.0	24.2534933086812	24.253493272652708	24.253493272652655	24.253493272652843	24.253493272652644	24.253493272652804	24.253493272652758
51.0	24.072832221205182	24.07283219850054	24.072832198500485	24.07283219850067	24.072832198500475	24.07283219850063	24.07283219850058
52.0	23.883479714009386	23.883479700538558	23.883479700538512	23.883479700538686	23.883479700538494	23.88347970053865	23.8834797005386
53.0	23.685809015341817	23.685809008101394	23.685809008101348	23.68580900810152	23.68580900810133	23.68580900810148	23.685809008101437
54.0	23.480222727308007	23.48022272413926	23.480222724139203	23.480222724139374	23.480222724139196	23.48022272413934	23.480222724139292
55.0	23.26714733681555	23.26714733619971	23.267147336199663	23.267147336199827	23.267147336199645	23.26714733619979	23.267147336199738
56.0	23.047028017207825	23.047028018100377	23.04702801810033	23.047028018100487	23.04702801810032	23.04702801810046	23.04702801810041
57.0	22.82032376508478	22.82032376678556	22.820323766785524	22.820323766785677	22.82032376678551	22.820323766785645	22.820323766785606
58.0	22.587502902312057	22.587502904366126	22.58750290436608	22.587502904366232	22.587502904366076	22.5875029043662	22.587502904366158
59.0	22.349038960844847	22.3490389629684	22.34903896296836	22.349038962968503	22.34903896296835	22.349038962968482	22.349038962968425
60.0	22.10540695763328	22.105406959659398	22.10540695965935	22.10540695965949	22.105406959659344	22.10540695965946	22.105406959659422
61.0	21.857080058380923	21.857080060220554	21.85708006022051	21.857080060220646	21.857080060220504	21.857080060220625	21.85708006022058
62.0	21.60452662212151	21.604526623735953	21.60452662373592	21.60452662373605	21.60452662373591	21.60452662373602	21.604526623735982
63.0	21.348207613271814	21.348207614653592	21.348207614653557	21.348207614653685	21.34820761465355	21.34820761465366	21.348207614653617
64.0	21.08857436382168	21.088574364981614	21.08857436498158	21.0885743649817	21.088574364981575	21.088574364981675	21.08857436498165
65.0	20.82606666545198	20.826066666410565	20.82606666641054	20.826066666410647	20.826066666410522	20.82606666641062	20.826066666410593
66.0	20.56111116945337	20.56111117023529	20.56111117023526	20.56111117023537	20.56111117023525	20.561111170235346	20.561111170235318
67.0	20.294120071196094	20.294120071826804	20.29412007182677	20.294120071826875	20.294120071826764	20.294120071826857	20.294120071826825
68.0	20.02549005542841	20.025490055932135	20.025490055932107	20.025490055932206	20.0254900559321	20.02549005593219	20.025490055932156
69.0	19.755601478732547	19.75560147913126	19.75560147913123	19.75560147913133	19.755601479131222	19.755601479131307	19.75560147913128
70.0	19.484817765930583	19.484817766243548	19.48481776624352	19.484817766243616	19.484817766243516	19.48481776624359	19.48481776624357
71.0	19.21348499801234	19.213484998256053	19.213484998256025	19.213484998256114	19.213484998256018	19.213484998256096	19.21348499825607
72.0	18.94193167017175	18.941931670360056	18.941931670360034	18.941931670360113	18.941931670360024	18.941931670360095	18.941931670360074
73.0	18.67046859971837	18.670468599862716	18.6704685998627	18.670468599862772	18.670468599862687	18.67046859986276	18.670468599862737
74.0	18.399388964919734	18.399388965029488	18.399388965029466	18.399388965029548	18.399388965029463	18.39938896502953	18.399388965029505
75.0	18.12896845718155	18.12896845726429	18.12896845726426	18.128968457264335	18.128968457264257	18.12896845726432	18.128968457264296
76.0	17.859465530348462	17.859465530410226	17.85946553041021	17.85946553041028	17.859465530410205	17.85946553041026	17.859465530410244
77.0	17.591121732278694	17.591121732324314	17.591121732324293	17.591121732324364	17.591121732324293	17.591121732324353	17.591121732324336
78.0	17.32416210518816	17.324162105221436	17.32416210522141	17.324162105221482	17.32416210522141	17.32416210522147	17.32416210522145
79.0	17.058795642555683	17.058795642579582	17.05879564257957	17.05879564257963	17.058795642579568	17.058795642579614	17.0587956425796
80.0	16.795215791618897	16.795215791635748	16.79521579163573	16.795215791635787	16.795215791635723	16.795215791635773	16.795215791635762
81.0	16.53360099166026	16.533600991671843	16.533600991671822	16.533600991671882	16.533600991671822	16.533600991671864	16.533600991671854
82.0	16.274115239379658	16.27411523938735	16.27411523938733	16.274115239387385	16.27411523938733	16.274115239387367	16.274115239387363
83.0	16.016908673670674	16.01690867367552	16.01690867367551	16.01690867367556	16.016908673675506	16.016908673675548	16.016908673675534
84.0	15.762118173060697	15.7621181730635	15.762118173063485	15.762118173063532	15.762118173063485	15.762118173063524	15.762118173063513
85.0	15.509867959941657	15.509867959943012	15.509867959943	15.509867959943044	15.509867959942998	15.509867959943033	15.509867959943023
86.0	15.260270206509391	15.260270206509746	15.260270206509732	15.260270206509777	15.26027020650973	15.260270206509768	15.260270206509757
87.0	15.013425638048865	15.013425638048549	15.013425638048538	15.01342563804858	15.013425638048536	15.01342563804857	15.013425638048561
88.0	14.769424129852444	14.769424129851696	14.769424129851684	14.769424129851725	14.769424129851688	14.769424129851716	14.769424129851705
89.0	14.528345294643387	14.52834529464238	14.52834529464237	14.52834529464241	14.528345294642374	14.528345294642403	14.528345294642394
90.0	14.290259057900585	14.29025905789945	14.29025905789944	14.290259057899474	14.290259057899439	14.290259057899465	14.290259057899458
91.0	14.055226218947546	14.055226218946363	14.055226218946352	14.055226218946387	14.055226218946354	14.055226218946379	14.055226218946377
92.0	13.823298996082855	13.823298996081688	13.823298996081677	13.823298996081707	13.823298996081677	13.823298996081698	13.823298996081695
93.0	13.594521554395529	13.594521554394408	13.594521554394397	13.59452155439443	13.594521554394401	13.594521554394424	13.594521554394415
94.0	13.368930515230117	13.368930515229067	13.36893051522906	13.368930515229085	13.36893051522906	13.36893051522908	13.368930515229076
95.0	13.146555446547815	13.146555446546852	13.146555446546845	13.146555446546868	13.146555446546843	13.146555446546863	13.14655544654686
96.0	12.927419333674486	12.927419333673614	12.927419333673608	12.92741933367363	12.927419333673607	12.927419333673624	12.927419333673623
97.0	12.711539030138045	12.711539030137262	12.711539030137256	12.711539030137278	12.711539030137255	12.711539030137274	12.711539030137269
98.0	12.4989256884795	12.498925688478801	12.498925688478797	12.498925688478817	12.498925688478796	12.49892568847881	12.498925688478806
99.0	12.289585171077135	12.289585171076517	12.289585171076512	12.289585171076531	12.289585171076514	12.289585171076528	12.289585171076524
100.0	12.08351844115447	12.083518441153927	12.083518441153922	12.083518441153942	12.083518441153924	12.083518441153936	12.08351844115394
101.0	11.880721934252888	11.880721934252415	11.880721934252414	11.880721934252426	11.880721934252412	11.88072193425242	11.880721934252419
102.0	11.681187910540986	11.681187910540576	11.68118791054057	11.681187910540586	11.681187910540572	11.68118791054058	11.681187910540581
103.0	11.484904788407489	11.484904788407134	11.48490478840713	11.484904788407142	11.48490478840713	11.484904788407139	11.48490478840714
104.0	11.291857459844577	11.29185745984427	11.291857459844266	11.29185745984428	11.291857459844268	11.291857459844277	11.291857459844278
105.0	11.102027588175764	11.102027588175497	11.102027588175494	11.102027588175506	11.102027588175496	11.102027588175503	11.102027588175504
106.0	10.915393888718594	10.915393888718372	10.915393888718363	10.915393888718377	10.915393888718365	10.915393888718372	10.915393888718375
107.0	10.731932392998816	10.731932392998619	10.731932392998617	10.731932392998626	10.731932392998619	10.731932392998623	10.731932392998624
108.0	10.551616697150656	10.551616697150495	10.55161669715049	10.551616697150497	10.55161669715049	10.551616697150495	10.551616697150495
109.0	10.374418195148673	10.374418195148534	10.374418195148532	10.374418195148536	10.374418195148529	10.374418195148534	10.374418195148536
110.0	10.20030629752122	10.2003062975211	10.200306297521095	10.200306297521106	10.200306297521099	10.200306297521102	10.200306297521104
111.0	10.029248636195044	10.029248636194943	10.02924863619494	10.029248636194946	10.02924863619494	10.029248636194943	10.029248636194945
112.0	9.861211256115391	9.861211256115304	9.861211256115304	9.86121125611531	9.861211256115306	9.861211256115306	9.86121125611531
113.0	9.696158794277409	9.696158794277338	9.696158794277336	9.69615879427734	9.696158794277338	9.696158794277338	9.696158794277341
114.0	9.534054646792775	9.534054646792711	9.53405464679271	9.534054646792715	9.534054646792711	9.534054646792713	9.534054646792718
115.0	9.374861124601336	9.374861124601283	9.374861124601281	9.374861124601285	9.374861124601283	9.374861124601281	9.374861124601281
116.0	9.218539598421327	9.218539598421284	9.21853959842128	9.218539598421284	9.218539598421284	9.218539598421284	9.21853959842129
117.0	9.06505063351384	9.065050633513803	9.0650506335138	9.065050633513804	9.065050633513803	9.0650506335138	9.065050633513804
118.0	8.914354114818435	8.914354114818401	8.914354114818401	8.914354114818403	8.914354114818403	8.914354114818401	8.914354114818403
119.0	8.766409362996798	8.766409362996772	8.76640936299677	8.766409362996773	8.766409362996772	8.766409362996772	8.766409362996775
120.0	8.62117524190105	8.621175241901025	8.621175241901026	8.621175241901025	8.621175241901028	8.621175241901023	8.621175241901028
121.0	8.478610257962405	8.478610257962385	8.478610257962385	8.478610257962384	8.478610257962385	8.478610257962382	8.478610257962385
122.0	8.338672651975156	8.338672651975141	8.33867265197514	8.338672651975141	8.338672651975143	8.338672651975138	8.338672651975143
123.0	8.201320483729852	8.201320483729841	8.20132048372984	8.20132048372984	8.201320483729843	8.201320483729837	8.20132048372984
124.0	8.06651170992893	8.06651170992892	8.06651170992892	8.066511709928918	8.066511709928921	8.066511709928918	8.066511709928923
125.0	7.934204255797591	7.9342042557975825	7.934204255797582	7.93420425579758	7.934204255797583	7.93420425579758	7.934204255797584
126.0	7.804356080782617	7.8043560807826085	7.8043560807826085	7.804356080782607	7.804356080782611	7.804356080782607	7.80435608078261
127.0	7.676925238712201	7.6769252387121965	7.676925238712196	7.676925238712194	7.676925238712199	7.676925238712194	7.676925238712197
128.0	7.551869932770835	7.551869932770829	7.5518699327708285	7.551869932770825	7.551869932770831	7.551869932770825	7.5518699327708285
129.0	7.429148565624664	7.4291485656246605	7.429148565624662	7.429148565624658	7.429148565624663	7.429148565624657	7.429148565624662
130.0	7.308719785015017	7.308719785015013	7.308719785015013	7.30871978501501	7.3087197850150165	7.308719785015009	7.308719785015015
131.0	7.190542525120284	7.190542525120281	7.190542525120282	7.190542525120279	7.190542525120285	7.190542525120278	7.190542525120282
132.0	7.074576043969942	7.074576043969941	7.074576043969941	7.0745760439699374	7.074576043969943	7.074576043969935	7.07457604396994
133.0	6.960779957178458	6.960779957178456	6.960779957178456	6.9607799571784525	6.960779957178459	6.9607799571784525	6.960779957178457
134.0	6.849114268251505	6.849114268251503	6.849114268251505	6.849114268251499	6.849114268251506	6.8491142682515	6.849114268251504
135.0	6.739539395702448	6.739539395702448	6.739539395702448	6.739539395702444	6.739539395702451	6.739539395702444	6.739539395702447
136.0	6.632016197202939	6.632016197202939	6.632016197202938	6.632016197202934	6.63201619720294	6.632016197202933	6.632016197202938
137.0	6.526505990978321	6.526505990978321	6.526505990978321	6.526505990978316	6.526505990978323	6.5265059909783165	6.526505990978321
138.0	6.422970574645801	6.422970574645799	6.4229705746458	6.422970574645794	6.422970574645802	6.422970574645795	6.4229705746458
139.0	6.321372241681373	6.321372241681374	6.321372241681376	6.3213722416813685	6.3213722416813765	6.321372241681369	6.321372241681374
140.0	6.221673795690052	6.2216737956900525	6.221673795690054	6.221673795690047	6.221673795690055	6.221673795690048	6.221673795690051
141.0	6.123838562643117	6.123838562643117	6.123838562643118	6.123838562643112	6.1238385626431215	6.123838562643112	6.123838562643117
142.0	6.027830401235894	6.027830401235895	6.027830401235896	6.0278304012358905	6.027830401235898	6.02783040123589	6.027830401235894
143.0	5.93361371150983	5.933613711509829	5.933613711509831	5.933613711509824	5.933613711509833	5.933613711509824	5.933613711509829
144.0	5.841153441873463	5.841153441873465	5.841153441873464	5.841153441873459	5.841153441873468	5.84115344187346	5.841153441873465
145.0	5.75041509464827	5.750415094648271	5.750415094648271	5.750415094648265	5.750415094648273	5.7504150946482655	5.75041509464827
146.0	5.661364730257105	5.661364730257105	5.661364730257107	5.661364730257102	5.66136473025711	5.661364730257101	5.661364730257105
147.0	5.573968970165356	5.573968970165358	5.5739689701653585	5.573968970165352	5.573968970165361	5.573968970165352	5.5739689701653585
148.0	5.48819499867755	5.488194998677551	5.488194998677551	5.488194998677546	5.488194998677554	5.488194998677545	5.488194998677551
149.0	5.404010563685384	5.404010563685385	5.404010563685387	5.404010563685381	5.404010563685389	5.404010563685381	5.404010563685385
150.0	5.321383976456712	5.321383976456712	5.321383976456711	5.321383976456707	5.321383976456716	5.3213839764567075	5.321383976456713
151.0	5.240284110548862	5.240284110548863	5.240284110548865	5.240284110548856	5.240284110548866	5.240284110548857	5.2402841105488625
152.0	5.160680399924148	5.160680399924149	5.160680399924149	5.160680399924143	5.160680399924152	5.160680399924143	5.160680399924146
153.0	5.082542836339865	5.082542836339865	5.082542836339866	5.08254283633986	5.0825428363398695	5.082542836339861	5.082542836339865
154.0	5.005841966080254	5.005841966080255	5.005841966080257	5.005841966080249	5.0058419660802596	5.005841966080251	5.005841966080255
155.0	4.930548886093028	4.930548886093029	4.930548886093031	4.930548886093023	4.930548886093032	4.930548886093024	4.930548886093028
156.0	4.856635239588756	4.856635239588757	4.856635239588757	4.856635239588751	4.856635239588759	4.856635239588751	4.856635239588757
157.0	4.784073211157191	4.7840732111571915	4.784073211157194	4.784073211157185	4.784073211157195	4.784073211157187	4.784073211157191
158.0	4.7128355214507724	4.712835521450774	4.712835521450776	4.712835521450769	4.712835521450779	4.712835521450768	4.712835521450773
159.0	4.642895421481873	4.6428954214818745	4.642895421481875	4.642895421481867	4.642895421481877	4.642895421481868	4.642895421481873
160.0	4.5742266865769725	4.5742266865769725	4.574226686576974	4.574226686576967	4.574226686576976	4.574226686576968	4.574226686576972
161.0	4.5068036100277755	4.506803610027776	4.506803610027778	4.506803610027771	4.506803610027781	4.506803610027771	4.506803610027776
162.0	4.440600996476254	4.440600996476256	4.440600996476256	4.440600996476249	4.440600996476259	4.440600996476252	4.440600996476253
163.0	4.375594155067856	4.375594155067858	4.375594155067859	4.375594155067852	4.375594155067861	4.375594155067853	4.375594155067856
164.0	4.311758892404513	4.311758892404515	4.311758892404516	4.311758892404509	4.3117588924045185	4.31175889240451	4.311758892404512
165.0	4.249071505326608	4.249071505326609	4.249071505326611	4.249071505326603	4.249071505326612	4.2490715053266035	4.249071505326609
166.0	4.18750877355087	4.187508773550871	4.1875087735508725	4.187508773550865	4.187508773550874	4.187508773550866	4.187508773550871
167.0	4.12704795218895	4.127047952188952	4.127047952188954	4.127047952188946	4.127047952188954	4.1270479521889465	4.12704795218895
168.0	4.067666764169533	4.067666764169533	4.067666764169535	4.067666764169527	4.067666764169536	4.0676667641695285	4.067666764169533
169.0	4.009343392584952	4.009343392584954	4.009343392584955	4.009343392584948	4.009343392584957	4.009343392584949	4.009343392584952
170.0	3.9520564729815715	3.9520564729815724	3.952056472981574	3.952056472981567	3.9520564729815764	3.9520564729815675	3.9520564729815715
171.0	3.8957850856115916	3.895785085611593	3.895785085611594	3.8957850856115868	3.895785085611596	3.8957850856115877	3.8957850856115916
172.0	3.8405087476624513	3.840508747662453	3.840508747662454	3.840508747662447	3.8405087476624558	3.8405087476624473	3.8405087476624518
173.0	3.7862074054786117	3.786207405478612	3.7862074054786135	3.7862074054786055	3.7862074054786152	3.7862074054786072	3.7862074054786103
174.0	3.7328614267891864	3.7328614267891873	3.7328614267891886	3.7328614267891815	3.732861426789191	3.732861426789183	3.7328614267891864
175.0	3.6804515929537467	3.6804515929537476	3.68045159295375	3.680451592953742	3.680451592953751	3.680451592953743	3.6804515929537467
176.0	3.6289590912374217	3.628959091237422	3.6289590912374234	3.628959091237417	3.628959091237426	3.628959091237418	3.6289590912374217
177.0	3.5783655071254756	3.578365507125477	3.578365507125478	3.578365507125471	3.5783655071254796	3.5783655071254716	3.5783655071254756
178.0	3.528652816686495	3.5286528166864963	3.528652816686497	3.52865281668649	3.5286528166864994	3.5286528166864914	3.528652816686495
179.0	3.4798033789924787	3.479803378992479	3.4798033789924814	3.479803378992474	3.4798033789924827	3.4798033789924743	3.4798033789924796
180.0	3.4317999286032825	3.4317999286032848	3.4317999286032856	3.4317999286032785	3.431799928603287	3.4317999286032785	3.4317999286032834
181.0	3.384625568122077	3.384625568122077	3.3846255681220785	3.384625568122072	3.3846255681220807	3.3846255681220727	3.384625568122076
182.0	3.3382637608277923	3.338263760827793	3.3382637608277945	3.3382637608277874	3.3382637608277963	3.3382637608277888	3.3382637608277923
183.0	3.292698323389877	3.2926983233898777	3.292698323389879	3.2926983233898723	3.292698323389881	3.292698323389873	3.2926983233898772
184.0	3.2479134186700263	3.2479134186700267	3.2479134186700285	3.247913418670022	3.2479134186700307	3.2479134186700227	3.2479134186700267
185.0	3.203893548615038	3.2038935486150395	3.2038935486150404	3.2038935486150333	3.203893548615042	3.2038935486150346	3.2038935486150386
186.0	3.1606235472444135	3.1606235472444144	3.160623547244416	3.160623547244409	3.160623547244418	3.160623547244409	3.160623547244414
187.0	3.118088573735795	3.1180885737357964	3.118088573735798	3.1180885737357915	3.1180885737357995	3.118088573735792	3.1180885737357955
188.0	3.076274105610985	3.0762741056109855	3.0762741056109877	3.07627410561098	3.076274105610989	3.076274105610982	3.076274105610985
189.0	3.035165932024744	3.035165932024746	3.035165932024747	3.03516593202474	3.0351659320247486	3.0351659320247406	3.0351659320247446
190.0	2.9947501471583586	2.9947501471583595	2.9947501471583604	2.9947501471583537	2.994750147158362	2.994750147158355	2.9947501471583577
191.0	2.955013143719448	2.955013143719449	2.9550131437194502	2.9550131437194436	2.955013143719452	2.9550131437194445	2.955013143719447
192.0	2.915941606549303	2.9159416065493042	2.9159416065493056	2.915941606549299	2.915941606549308	2.9159416065492993	2.915941606549303
193.0	2.8775225063386762	2.8775225063386776	2.877522506338679	2.877522506338672	2.8775225063386802	2.877522506338672	2.8775225063386767
194.0	2.8397430934526957	2.8397430934526966	2.839743093452698	2.8397430934526913	2.8397430934526997	2.839743093452692	2.8397430934526953
195.0	2.802590891865347	2.802590891865348	2.802590891865349	2.802590891865343	2.8025908918653504	2.8025908918653437	2.8025908918653473
196.0	2.7660536932037254	2.766053693203726	2.7660536932037276	2.7660536932037205	2.766053693203729	2.766053693203722	2.7660536932037254
197.0	2.7301195509020517	2.730119550902053	2.7301195509020544	2.7301195509020477	2.7301195509020566	2.7301195509020486	2.7301195509020517
198.0	2.6947767744652853	2.694776774465286	2.694776774465288	2.6947767744652813	2.694776774465289	2.6947767744652817	2.6947767744652853
199.0	2.660013923841957	2.660013923841957	2.660013923841959	2.6600139238419525	2.660013923841961	2.660013923841954	2.6600139238419565
200.0	2.6258198039057548	2.625819803905755	2.625819803905757	2.62581980390575	2.6258198039057588	2.625819803905751	2.6258198039057548
201.0	2.592183459045172	2.592183459045172	2.5921834590451733	2.5921834590451676	2.5921834590451756	2.5921834590451684	2.592183459045171
202.0	2.5590941678604864	2.5590941678604877	2.5590941678604886	2.5590941678604824	2.55909416786049	2.559094167860483	2.559094167860487
203.0	2.5265414379671647	2.5265414379671665	2.526541437967168	2.526541437967161	2.526541437967169	2.526541437967162	2.5265414379671647
204.0	2.4945150009047174	2.4945150009047183	2.4945150009047206	2.4945150009047135	2.4945150009047214	2.4945150009047143	2.4945150009047183
205.0	2.4630048071499258	2.463004807149926	2.4630048071499275	2.4630048071499213	2.4630048071499293	2.463004807149922	2.4630048071499258
206.0	2.4320010212332925	2.432001021233293	2.4320010212332943	2.432001021233288	2.4320010212332965	2.432001021233289	2.4320010212332925
207.0	2.4014940169574848	2.4014940169574857	2.4014940169574874	2.4014940169574808	2.401494016957489	2.4014940169574817	2.401494016957485
208.0	2.3714743727164813	2.3714743727164826	2.3714743727164844	2.3714743727164773	2.3714743727164853	2.3714743727164778	2.3714743727164813
209.0	2.341932866914079	2.3419328669140804	2.341932866914082	2.3419328669140755	2.3419328669140835	2.3419328669140764	2.34193286691408
210.0	2.3128604734803684	2.3128604734803693	2.3128604734803706	2.3128604734803644	2.312860473480372	2.3128604734803653	2.3128604734803684
211.0	2.284248357484752	2.2842483574847527	2.284248357484754	2.2842483574847483	2.2842483574847554	2.2842483574847487	2.2842483574847523
212.0	2.256087870844022	2.256087870844023	2.2560878708440244	2.256087870844018	2.2560878708440257	2.2560878708440186	2.256087870844022
213.0	2.22837054812402	2.228370548124021	2.228370548124022	2.228370548124016	2.2283705481240235	2.2283705481240164	2.2283705481240195
214.0	2.2010881024333404	2.2010881024333413	2.2010881024333426	2.201088102433337	2.2010881024333444	2.2010881024333373	2.201088102433341
215.0	2.1742324214075524	2.174232421407553	2.174232421407554	2.1742324214075484	2.1742324214075563	2.174232421407549	2.174232421407552
216.0	2.1477955632823686	2.1477955632823695	2.14779556328237	2.1477955632823647	2.147795563282372	2.1477955632823655	2.147795563282368
217.0	2.1217697530542186	2.121769753054219	2.1217697530542203	2.1217697530542146	2.1217697530542217	2.1217697530542146	2.121769753054218
218.0	2.096147378726626	2.0961473787266267	2.0961473787266276	2.096147378726622	2.096147378726629	2.0961473787266227	2.096147378726626
219.0	2.070920987640836	2.070920987640837	2.0709209876408385	2.0709209876408323	2.070920987640839	2.0709209876408328	2.0709209876408363
220.0	2.0460832828891062	2.046083282889107	2.0460832828891085	2.0460832828891027	2.0460832828891093	2.046083282889103	2.0460832828891062
221.0	2.021627119809077	2.0216271198090783	2.021627119809079	2.021627119809074	2.0216271198090805	2.0216271198090747	2.021627119809077
222.0	1.9975455025576727	1.9975455025576732	1.997545502557675	1.9975455025576696	1.9975455025576763	1.9975455025576705	1.9975455025576727
223.0	1.9738315807629434	1.973831580762944	1.9738315807629452	1.9738315807629399	1.9738315807629467	1.9738315807629405	1.9738315807629432
224.0	1.9504786462523134	1.9504786462523145	1.9504786462523154	1.9504786462523098	1.9504786462523165	1.9504786462523103	1.9504786462523136
225.0	1.9274801298556787	1.9274801298556794	1.9274801298556805	1.927480129855675	1.9274801298556816	1.9274801298556756	1.9274801298556787
226.0	1.904829598281831	1.9048295982818322	1.904829598281833	1.9048295982818277	1.9048295982818342	1.9048295982818284	1.9048295982818313
227.0	1.882520751066684	1.8825207510666848	1.882520751066686	1.8825207510666804	1.882520751066687	1.8825207510666808	1.882520751066684
228.0	1.8605474175918002	1.860547417591801	1.8605474175918024	1.8605474175917969	1.860547417591803	1.8605474175917975	1.8605474175918
229.0	1.8389035541717393	1.8389035541717407	1.8389035541717416	1.8389035541717362	1.8389035541717427	1.8389035541717371	1.8389035541717398
230.0	1.8175832412087558	1.8175832412087565	1.8175832412087574	1.8175832412087525	1.8175832412087585	1.8175832412087527	1.8175832412087551
231.0	1.7965806804133873	1.796580680413388	1.7965806804133888	1.796580680413384	1.7965806804133904	1.7965806804133846	1.796580680413387
232.0	1.775890192089524	1.7758901920895247	1.7758901920895258	1.7758901920895207	1.775890192089527	1.7758901920895214	1.7758901920895238
233.0	1.7555062124825351	1.755506212482536	1.7555062124825367	1.7555062124825318	1.755506212482538	1.7555062124825325	1.7555062124825351
234.0	1.7354232911890617	1.7354232911890626	1.7354232911890637	1.7354232911890586	1.7354232911890648	1.7354232911890592	1.735423291189062
235.0	1.7156360886271214	1.715636088627122	1.715636088627123	1.715636088627118	1.7156360886271242	1.7156360886271187	1.7156360886271211
236.0	1.6961393735651626	1.6961393735651633	1.6961393735651649	1.69613937356516	1.6961393735651658	1.6961393735651606	1.696139373565163
237.0	1.6769280207087631	1.6769280207087631	1.6769280207087645	1.6769280207087596	1.6769280207087656	1.6769280207087602	1.6769280207087622
238.0	1.6579970083436517	1.6579970083436522	1.6579970083436533	1.6579970083436484	1.6579970083436542	1.6579970083436488	1.6579970083436515
239.0	1.6393414160337927	1.6393414160337934	1.6393414160337947	1.6393414160337896	1.6393414160337956	1.63934141603379	1.6393414160337927
240.0	1.6209564223732675	1.6209564223732682	1.6209564223732693	1.6209564223732642	1.6209564223732704	1.6209564223732646	1.620956422373267
241.0	1.602837302790716	1.6028373027907166	1.6028373027907175	1.6028373027907128	1.6028373027907186	1.6028373027907135	1.6028373027907155
242.0	1.5849794274051456	1.584979427405146	1.5849794274051476	1.5849794274051425	1.584979427405148	1.5849794274051427	1.5849794274051456
243.0	1.5673782589318968	1.5673782589318976	1.5673782589318987	1.5673782589318939	1.5673782589318996	1.5673782589318945	1.5673782589318968
244.0	1.5500293506376266	1.5500293506376275	1.5500293506376288	1.5500293506376237	1.5500293506376295	1.5500293506376246	1.5500293506376268
245.0	1.5329283443431467	1.5329283443431474	1.5329283443431483	1.5329283443431436	1.5329283443431494	1.5329283443431447	1.5329283443431467
246.0	1.516070968473011	1.5160709684730111	1.516070968473012	1.5160709684730076	1.5160709684730131	1.516070968473008	1.51607096847301
247.0	1.499453036150756	1.4994530361507565	1.4994530361507574	1.499453036150753	1.4994530361507585	1.4994530361507539	1.499453036150756
248.0	1.4830704433387187	1.4830704433387194	1.4830704433387203	1.483070443338716	1.4830704433387216	1.4830704433387163	1.4830704433387187
249.0	1.4669191670213761	1.4669191670213766	1.4669191670213775	1.4669191670213735	1.4669191670213788	1.4669191670213737	1.466919167021376
250.0	1.4509952634311887	1.4509952634311893	1.45099526343119	1.4509952634311858	1.4509952634311911	1.4509952634311867	1.450995263431189
251.0	1.4352948663159357	1.435294866315936	1.4352948663159373	1.4352948663159328	1.4352948663159382	1.4352948663159335	1.4352948663159357
252.0	1.4198141852465525	1.419814185246553	1.4198141852465538	1.4198141852465493	1.4198141852465547	1.4198141852465502	1.4198141852465525
253.0	1.4045495039645168	1.4045495039645177	1.4045495039645184	1.404549503964514	1.4045495039645195	1.4045495039645146	1.4045495039645168
254.0	1.3894971787678319	1.3894971787678327	1.3894971787678334	1.389497178767829	1.3894971787678343	1.3894971787678294	1.3894971787678319
255.0	1.3746536369346911	1.3746536369346913	1.3746536369346924	1.374653636934688	1.3746536369346936	1.3746536369346891	1.374653636934691
256.0	1.360015375183917	1.3600153751839177	1.3600153751839184	1.3600153751839141	1.3600153751839192	1.360015375183915	1.360015375183917
257.0	1.3455789581713047	1.3455789581713051	1.345578958171306	1.345578958171302	1.345578958171307	1.3455789581713025	1.3455789581713047
258.0	1.3313410170209927	1.3313410170209934	1.331341017020994	1.33134101702099	1.3313410170209952	1.3313410170209905	1.3313410170209925
259.0	1.3172982478910362	1.3172982478910367	1.3172982478910376	1.3172982478910336	1.3172982478910387	1.3172982478910342	1.317298247891036
260.0	1.3034474105723488	1.3034474105723493	1.3034474105723506	1.3034474105723461	1.3034474105723513	1.3034474105723468	1.3034474105723488
261.0	1.289785327120217	1.289785327120218	1.2897853271202184	1.2897853271202147	1.2897853271202193	1.289785327120215	1.289785327120217
262.0	1.2763088805175962	1.2763088805175973	1.2763088805175977	1.2763088805175937	1.2763088805175986	1.2763088805175942	1.276308880517596
263.0	1.2630150133694302	1.2630150133694302	1.2630150133694313	1.2630150133694271	1.2630150133694322	1.2630150133694278	1.2630150133694302
264.0	1.2499007266272384	1.2499007266272393	1.2499007266272404	1.249900726627236	1.2499007266272408	1.2499007266272364	1.2499007266272384
265.0	1.2369630783432468	1.2369630783432473	1.2369630783432481	1.2369630783432444	1.2369630783432493	1.2369630783432448	1.2369630783432466
266.0	1.224199182453338	1.2241991824533385	1.2241991824533394	1.2241991824533351	1.22419918245334	1.2241991824533358	1.2241991824533378
267.0	1.2116062075881413	1.211606207588142	1.2116062075881429	1.2116062075881389	1.2116062075881435	1.2116062075881395	1.2116062075881409
268.0	1.1991813759115668	1.199181375911567	1.1991813759115681	1.1991813759115644	1.199181375911569	1.1991813759115653	1.1991813759115666
269.0	1.1869219619861262	1.1869219619861264	1.1869219619861275	1.1869219619861235	1.1869219619861282	1.186921961986124	1.186921961986126
270.0	1.1748252916643942	1.1748252916643944	1.1748252916643958	1.1748252916643918	1.1748252916643962	1.1748252916643924	1.174825291664394
271.0	1.1628887410059758	1.1628887410059763	1.1628887410059774	1.1628887410059734	1.162888741005978	1.1628887410059738	1.162888741005976
272.0	1.1511097352193647	1.1511097352193649	1.1511097352193658	1.1511097352193622	1.1511097352193667	1.1511097352193624	1.1511097352193642
273.0	1.1394857476280833	1.1394857476280837	1.1394857476280844	1.1394857476280809	1.139485747628085	1.1394857476280813	1.1394857476280833
274.0	1.1280142986605315	1.1280142986605322	1.1280142986605328	1.128014298660529	1.128014298660534	1.1280142986605297	1.1280142986605315
275.0	1.1166929548629547	1.1166929548629552	1.1166929548629563	1.1166929548629525	1.1166929548629567	1.116692954862953	1.1166929548629545
276.0	1.1055193279349842	1.1055193279349849	1.1055193279349855	1.105519327934982	1.1055193279349866	1.1055193279349824	1.1055193279349844
277.0	1.094491073787198	1.0944910737871985	1.0944910737871991	1.0944910737871958	1.0944910737872	1.0944910737871962	1.0944910737871978
278.0	1.0836058916201698	1.0836058916201703	1.083605891620171	1.0836058916201676	1.083605891620172	1.083605891620168	1.0836058916201698
279.0	1.0728615230244933	1.0728615230244938	1.0728615230244944	1.0728615230244911	1.0728615230244953	1.0728615230244916	1.0728615230244933
280.0	1.0622557511012647	1.0622557511012651	1.0622557511012662	1.0622557511012625	1.0622557511012667	1.0622557511012627	1.0622557511012647
281.0	1.0517863996025425	1.0517863996025432	1.0517863996025438	1.0517863996025403	1.0517863996025445	1.0517863996025412	1.0517863996025423
282.0	1.0414513320912888	1.041451332091289	1.04145133209129	1.0414513320912864	1.0414513320912906	1.0414513320912868	1.0414513320912884
283.0	1.0312484511203344	1.0312484511203348	1.0312484511203355	1.031248451120332	1.0312484511203361	1.0312484511203326	1.0312484511203341
284.0	1.021175697429901	1.0211756974299013	1.021175697429902	1.0211756974298987	1.021175697429903	1.0211756974298993	1.021175697429901
285.0	1.0112310491632406	1.0112310491632412	1.0112310491632421	1.0112310491632386	1.0112310491632426	1.0112310491632388	1.0112310491632406
286.0	1.0014125210999463	1.001412521099947	1.0014125210999476	1.0014125210999443	1.0014125210999483	1.001412521099945	1.0014125210999465
287.0	0.9917181639065213	0.991718163906522	0.9917181639065227	0.9917181639065193	0.9917181639065233	0.9917181639065199	0.9917181639065215
288.0	0.9821460634037811	0.9821460634037816	0.9821460634037823	0.9821460634037791	0.9821460634037831	0.9821460634037794	0.982146063403781
289.0	0.9726943398506911	0.9726943398506914	0.9726943398506922	0.9726943398506891	0.972694339850693	0.9726943398506895	0.9726943398506911
290.0	0.9633611472442438	0.9633611472442443	0.9633611472442448	0.9633611472442417	0.9633611472442456	0.9633611472442422	0.9633611472442438
291.0	0.9541446726349881	0.9541446726349889	0.9541446726349895	0.9541446726349863	0.9541446726349901	0.9541446726349866	0.9541446726349881
292.0	0.9450431354578408	0.9450431354578412	0.9450431354578418	0.9450431354578387	0.9450431354578427	0.9450431354578392	0.9450431354578409
293.0	0.9360547868778091	0.9360547868778095	0.9360547868778102	0.9360547868778071	0.9360547868778109	0.9360547868778075	0.936054786877809
294.0	0.9271779091502744	0.927177909150275	0.9271779091502758	0.9271779091502723	0.9271779091502761	0.9271779091502729	0.9271779091502743
295.0	0.9184108149954808	0.9184108149954814	0.9184108149954823	0.9184108149954789	0.9184108149954826	0.9184108149954793	0.9184108149954807
296.0	0.9097518469868999	0.9097518469869005	0.9097518469869009	0.9097518469868979	0.9097518469869018	0.9097518469868985	0.9097518469868999
297.0	0.9011993769531302	0.9011993769531303	0.9011993769531311	0.9011993769531281	0.9011993769531316	0.9011993769531285	0.9011993769531299
298.0	0.8927518053930179	0.892751805393018	0.8927518053930189	0.8927518053930158	0.8927518053930195	0.8927518053930161	0.8927518053930178
299.0	0.8844075609036817	0.884407560903682	0.8844075609036829	0.8844075609036797	0.8844075609036833	0.8844075609036803	0.8844075609036814
300.0	0.8761650996211306	0.876165099621131	0.8761650996211319	0.8761650996211288	0.8761650996211324	0.8761650996211291	0.8761650996211309
301.0	0.8680229046731827	0.8680229046731829	0.8680229046731834	0.8680229046731807	0.8680229046731842	0.868022904673181	0.8680229046731823
302.0	0.85997948564439	0.8599794856443902	0.8599794856443911	0.8599794856443879	0.8599794856443915	0.8599794856443884	0.8599794856443896
303.0	0.8520333780526862	0.8520333780526865	0.8520333780526874	0.8520333780526843	0.852033378052688	0.8520333780526848	0.8520333780526862
304.0	0.8441831428374776	0.8441831428374782	0.8441831428374788	0.844183142837476	0.8441831428374794	0.8441831428374762	0.8441831428374776
305.0	0.836427365858911	0.8364273658589115	0.8364273658589119	0.8364273658589091	0.8364273658589128	0.8364273658589094	0.8364273658589109
306.0	0.8287646574080512	0.8287646574080514	0.8287646574080522	0.8287646574080492	0.8287646574080527	0.8287646574080497	0.8287646574080512
307.0	0.8211936517277162	0.8211936517277165	0.8211936517277172	0.8211936517277143	0.8211936517277179	0.8211936517277149	0.8211936517277161
308.0	0.8137130065437116	0.8137130065437119	0.8137130065437128	0.8137130065437097	0.8137130065437131	0.81371300654371	0.8137130065437114
309.0	0.8063214026062278	0.8063214026062282	0.806321402606229	0.8063214026062261	0.8063214026062295	0.8063214026062263	0.8063214026062276
310.0	0.7990175432411574	0.7990175432411578	0.7990175432411584	0.7990175432411555	0.7990175432411589	0.7990175432411558	0.7990175432411573
311.0	0.7918001539111003	0.7918001539111007	0.7918001539111013	0.7918001539110985	0.7918001539111019	0.7918001539110988	0.7918001539111001
312.0	0.7846679817858321	0.7846679817858325	0.7846679817858332	0.7846679817858304	0.7846679817858339	0.7846679817858307	0.7846679817858322
313.0	0.7776197953220132	0.7776197953220136	0.777619795322014	0.7776197953220115	0.7776197953220149	0.7776197953220118	0.7776197953220132
314.0	0.7706543838519218	0.7706543838519221	0.7706543838519228	0.77065438385192	0.7706543838519233	0.7706543838519203	0.7706543838519215
315.0	0.7637705571810042	0.7637705571810046	0.763770557181005	0.7637705571810025	0.7637705571810056	0.7637705571810027	0.7637705571810041
316.0	0.7569671451940323	0.7569671451940326	0.7569671451940331	0.7569671451940305	0.7569671451940337	0.7569671451940307	0.7569671451940322
317.0	0.7502429974696754	0.7502429974696756	0.7502429974696764	0.7502429974696736	0.7502429974696769	0.750242997469674	0.7502429974696754
318.0	0.7435969829032811	0.7435969829032815	0.7435969829032819	0.7435969829032794	0.7435969829032826	0.7435969829032798	0.7435969829032809
319.0	0.7370279893376867	0.737027989337687	0.7370279893376878	0.7370279893376851	0.7370279893376882	0.7370279893376853	0.7370279893376867
320.0	0.7305349232018659	0.7305349232018661	0.7305349232018667	0.7305349232018641	0.7305349232018673	0.7305349232018644	0.7305349232018657
321.0	0.7241167091572338	0.7241167091572343	0.7241167091572347	0.7241167091572323	0.7241167091572352	0.7241167091572326	0.7241167091572338
322.0	0.7177722897514368	0.717772289751437	0.7177722897514378	0.7177722897514351	0.7177722897514383	0.7177722897514355	0.7177722897514367
323.0	0.7115006250794462	0.7115006250794466	0.7115006250794471	0.7115006250794446	0.7115006250794477	0.7115006250794449	0.711500625079446
324.0	0.7053006924517994	0.7053006924517996	0.7053006924518003	0.7053006924517977	0.7053006924518008	0.7053006924517982	0.7053006924517992
325.0	0.6991714860698123	0.6991714860698127	0.6991714860698132	0.6991714860698107	0.6991714860698137	0.699171486069811	0.6991714860698124
326.0	0.6931120167076155	0.6931120167076156	0.6931120167076164	0.6931120167076139	0.6931120167076168	0.693112016707614	0.6931120167076152
327.0	0.6871213114008454	0.6871213114008458	0.6871213114008465	0.6871213114008439	0.6871213114008468	0.6871213114008442	0.6871213114008453
328.0	0.681198413141851	0.6811984131418515	0.681198413141852	0.6811984131418495	0.6811984131418525	0.6811984131418498	0.6811984131418508
329.0	0.6753423805812571	0.6753423805812574	0.675342380581258	0.6753423805812554	0.6753423805812584	0.6753423805812557	0.6753423805812568
330.0	0.6695522877357457	0.6695522877357458	0.6695522877357463	0.669552287735744	0.6695522877357468	0.6695522877357444	0.6695522877357456
331.0	0.663827223701913	0.6638272237019133	0.6638272237019138	0.6638272237019116	0.6638272237019144	0.663827223701912	0.663827223701913
332.0	0.6581662923760618	0.6581662923760623	0.6581662923760628	0.6581662923760604	0.6581662923760632	0.6581662923760606	0.658166292376062
333.0	0.6525686121797957	0.6525686121797959	0.6525686121797964	0.6525686121797942	0.652568612179797	0.6525686121797944	0.6525686121797956
334.0	0.6470333157912882	0.6470333157912883	0.647033315791289	0.6470333157912865	0.6470333157912893	0.647033315791287	0.6470333157912881
335.0	0.6415595498820901	0.6415595498820904	0.6415595498820909	0.6415595498820885	0.6415595498820914	0.641559549882089	0.64155954988209
336.0	0.6361464748593599	0.6361464748593603	0.6361464748593609	0.6361464748593586	0.6361464748593612	0.6361464748593588	0.6361464748593599
337.0	0.6307932646133885	0.6307932646133887	0.6307932646133895	0.630793264613387	0.6307932646133897	0.6307932646133873	0.6307932646133884
338.0	0.6254991062702973	0.6254991062702974	0.625499106270298	0.6254991062702957	0.6254991062702986	0.6254991062702961	0.6254991062702973
339.0	0.6202631999498058	0.620263199949806	0.6202631999498068	0.6202631999498044	0.6202631999498072	0.6202631999498046	0.6202631999498056
340.0	0.6150847585279395	0.6150847585279398	0.6150847585279406	0.6150847585279383	0.6150847585279408	0.6150847585279385	0.6150847585279395
341.0	0.6099630074045796	0.6099630074045799	0.6099630074045803	0.6099630074045781	0.6099630074045808	0.6099630074045784	0.6099630074045794
342.0	0.6048971842757382	0.6048971842757386	0.604897184275739	0.6048971842757368	0.6048971842757395	0.604897184275737	0.6048971842757381
343.0	0.5998865389104616	0.5998865389104621	0.5998865389104624	0.5998865389104603	0.5998865389104628	0.5998865389104606	0.5998865389104617
344.0	0.5949303329322523	0.5949303329322527	0.5949303329322531	0.5949303329322511	0.5949303329322536	0.5949303329322515	0.5949303329322523
345.0	0.590027839604911	0.5900278396049113	0.5900278396049119	0.5900278396049097	0.5900278396049123	0.59002783960491	0.5900278396049108
346.0	0.5851783436227029	0.5851783436227033	0.5851783436227036	0.5851783436227015	0.5851783436227042	0.5851783436227018	0.5851783436227028
347.0	0.5803811409047518	0.5803811409047519	0.5803811409047525	0.5803811409047503	0.5803811409047529	0.5803811409047507	0.5803811409047516
348.0	0.5756355383935642	0.5756355383935643	0.575635538393565	0.5756355383935627	0.5756355383935654	0.5756355383935631	0.5756355383935641
349.0	0.5709408538576021	0.5709408538576024	0.5709408538576028	0.5709408538576006	0.5709408538576032	0.570940853857601	0.5709408538576018
350.0	0.5662964156978025	0.5662964156978025	0.5662964156978032	0.5662964156978012	0.5662964156978036	0.5662964156978014	0.5662964156978024
351.0	0.5617015627579692	0.5617015627579695	0.5617015627579699	0.5617015627579679	0.5617015627579705	0.5617015627579682	0.5617015627579691
352.0	0.557155644138944	0.5571556441389444	0.5571556441389447	0.5571556441389427	0.557155644138945	0.557155644138943	0.5571556441389439
353.0	0.5526580190164777	0.5526580190164779	0.5526580190164784	0.5526580190164764	0.5526580190164788	0.5526580190164766	0.5526580190164777
354.0	0.5482080564627181	0.5482080564627184	0.5482080564627186	0.5482080564627168	0.5482080564627192	0.5482080564627172	0.548208056462718
355.0	0.5438051352712411	0.5438051352712414	0.5438051352712419	0.5438051352712397	0.5438051352712422	0.5438051352712401	0.543805135271241
356.0	0.5394486437855395	0.5394486437855397	0.5394486437855402	0.5394486437855381	0.5394486437855405	0.5394486437855385	0.5394486437855393
357.0	0.5351379797309012	0.5351379797309015	0.5351379797309019	0.5351379797308999	0.5351379797309024	0.5351379797309003	0.535137979730901
358.0	0.5308725500496027	0.5308725500496029	0.5308725500496033	0.5308725500496013	0.5308725500496037	0.5308725500496017	0.5308725500496024
359.0	0.5266517707393399	0.5266517707393401	0.5266517707393404	0.5266517707393386	0.5266517707393409	0.5266517707393387	0.5266517707393397
360.0	0.5224750666948351	0.5224750666948355	0.5224750666948358	0.5224750666948339	0.5224750666948362	0.5224750666948341	0.5224750666948351
361.0	0.5183418715525449	0.5183418715525451	0.5183418715525456	0.5183418715525436	0.518341871552546	0.518341871552544	0.518341871552545
362.0	0.5142516275384046	0.5142516275384047	0.5142516275384051	0.5142516275384031	0.5142516275384054	0.5142516275384036	0.5142516275384043
363.0	0.5102037853185435	0.5102037853185437	0.5102037853185442	0.5102037853185422	0.5102037853185445	0.5102037853185425	0.5102037853185435
364.0	0.506197803852911	0.5061978038529112	0.5061978038529116	0.5061978038529098	0.506197803852912	0.50619780385291	0.5061978038529109
365.0	0.5022331502517409	0.5022331502517411	0.5022331502517415	0.5022331502517396	0.5022331502517419	0.5022331502517399	0.5022331502517408
366.0	0.49830929963480625	0.4983092996348065	0.49830929963480697	0.49830929963480514	0.4983092996348074	0.4983092996348054	0.4983092996348062
367.0	0.4944257349933969	0.4944257349933971	0.49442573499339754	0.49442573499339565	0.4944257349933979	0.49442573499339587	0.4944257349933968
368.0	0.49058194705496155	0.4905819470549619	0.49058194705496216	0.4905819470549604	0.49058194705496255	0.49058194705496055	0.49058194705496144
369.0	0.4867774341503626	0.4867774341503628	0.4867774341503632	0.4867774341503614	0.48677743415036356	0.48677743415036157	0.48677743415036245
370.0	0.4830117020836844	0.4830117020836847	0.48301170208368505	0.48301170208368327	0.4830117020836854	0.4830117020836835	0.4830117020836844
371.0	0.4792842640045425	0.47928426400454277	0.47928426400454305	0.4792842640045413	0.4792842640045435	0.47928426400454155	0.47928426400454244
372.0	0.475594640282839	0.4755946402828392	0.47559464028283965	0.4755946402828378	0.47559464028284	0.47559464028283815	0.47559464028283893
373.0	0.4719423583859146	0.47194235838591475	0.47194235838591525	0.4719423583859134	0.47194235838591553	0.47194235838591364	0.47194235838591453
374.0	0.4683269527580462	0.46832695275804653	0.4683269527580469	0.46832695275804515	0.46832695275804725	0.4683269527580454	0.46832695275804626
375.0	0.46474796470224145	0.46474796470224167	0.46474796470224206	0.46474796470224033	0.46474796470224244	0.46474796470224056	0.46474796470224145
376.0	0.4612049422642771	0.4612049422642774	0.4612049422642777	0.461204942264276	0.46120494226427805	0.4612049422642763	0.4612049422642771
377.0	0.4576974401189426	0.45769744011894287	0.4576974401189432	0.4576974401189414	0.4576974401189435	0.4576974401189417	0.4576974401189425
378.0	0.45422501945843635	0.4542250194584365	0.4542250194584368	0.4542250194584352	0.4542250194584372	0.4542250194584354	0.4542250194584362
379.0	0.4507872478828697	0.45078724788287	0.4507872478828705	0.4507872478828687	0.4507872478828707	0.45078724788286895	0.4507872478828697
380.0	0.4473836992928412	0.4473836992928415	0.44738369929284183	0.44738369929284016	0.44738369929284216	0.4473836992928404	0.44738369929284133
381.0	0.44401395378402775	0.4440139537840279	0.4440139537840283	0.44401395378402664	0.44401395378402864	0.4440139537840268	0.4440139537840277
382.0	0.4406775975437606	0.4406775975437608	0.44067759754376123	0.44067759754375957	0.4406775975437615	0.4406775975437598	0.44067759754376046
383.0	0.4373742227495394	0.4373742227495395	0.43737422274953996	0.4373742227495383	0.43737422274954024	0.4373742227495385	0.4373742227495393
384.0	0.4341034274694448	0.43410342746944497	0.4341034274694454	0.43410342746944386	0.4341034274694458	0.43410342746944397	0.43410342746944475
385.0	0.4308648155644137	0.4308648155644139	0.4308648155644142	0.43086481556441264	0.43086481556441464	0.4308648155644129	0.4308648155644136
386.0	0.4276579965923327	0.4276579965923329	0.4276579965923334	0.42765799659233167	0.4276579965923336	0.4276579965923319	0.42765799659233267
387.0	0.42448258571391906	0.4244825857139193	0.4244825857139197	0.42448258571391806	0.42448258571392	0.4244825857139183	0.424482585713919
388.0	0.4213382036003479	0.421338203600348	0.4213382036003484	0.42133820360034685	0.42133820360034874	0.42133820360034707	0.42133820360034785
389.0	0.41822447634259013	0.41822447634259036	0.4182244763425907	0.4182244763425891	0.418224476342591	0.4182244763425893	0.4182244763425901
390.0	0.41514103536243063	0.4151410353624308	0.4151410353624312	0.4151410353624296	0.41514103536243147	0.4151410353624298	0.4151410353624306
391.0	0.4120875173251241	0.4120875173251243	0.4120875173251246	0.41208751732512305	0.41208751732512494	0.41208751732512333	0.41208751732512405
392.0	0.4090635640536647	0.4090635640536648	0.40906356405366523	0.4090635640536636	0.4090635640536655	0.40906356405366384	0.40906356405366456
393.0	0.4060688224446277	0.406068822444628	0.4060688224446284	0.4060688224446268	0.40606882244462866	0.40606882244462694	0.40606882244462766
394.0	0.40310294438555944	0.4031029443855596	0.40310294438555994	0.40310294438555844	0.4031029443855602	0.40310294438555866	0.4031029443855593
395.0	0.4001655866738762	0.4001655866738764	0.4001655866738767	0.40016558667387525	0.4001655866738771	0.4001655866738755	0.4001655866738761
396.0	0.3972564109372486	0.3972564109372487	0.39725641093724906	0.3972564109372475	0.3972564109372494	0.3972564109372478	0.39725641093724845
397.0	0.39437508355543616	0.3943750835554363	0.3943750835554367	0.3943750835554352	0.394375083555437	0.3943750835554355	0.3943750835554361
398.0	0.3915212755835471	0.39152127558354727	0.39152127558354766	0.39152127558354616	0.3915212755835479	0.3915212755835463	0.39152127558354705
399.0	0.3886946626766898	0.38869466267668995	0.38869466267669023	0.3886946626766888	0.3886946626766905	0.388694662676689	0.3886946626766897
400.0	0.385894925015993	0.3858949250159931	0.3858949250159934	0.385894925015992	0.3858949250159937	0.38589492501599204	0.38589492501599293
401.0	0.38312174723596304	0.3831217472359632	0.3831217472359635	0.38312174723596204	0.3831217472359638	0.3831217472359623	0.38312174723596293
402.0	0.38037481835315634	0.3803748183531565	0.3803748183531568	0.38037481835315534	0.38037481835315706	0.3803748183531555	0.3803748183531562
403.0	0.37765383169613304	0.3776538316961332	0.3776538316961334	0.3776538316961321	0.37765383169613376	0.3776538316961322	0.37765383169613287
404.0	0.37495848483667593	0.37495848483667615	0.37495848483667654	0.374958484836675	0.3749584848366767	0.37495848483667527	0.3749584848366759
405.0	0.37228847952224114	0.37228847952224137	0.3722884795222417	0.37228847952224026	0.3722884795222419	0.3722884795222405	0.3722884795222411
406.0	0.36964352160962166	0.36964352160962183	0.36964352160962227	0.3696435216096208	0.36964352160962244	0.369643521609621	0.3696435216096216
407.0	0.36702332099979507	0.3670233209997951	0.36702332099979534	0.367023320999794	0.3670233209997957	0.36702332099979423	0.36702332099979473
408.0	0.36442759157393684	0.36442759157393706	0.3644275915739374	0.364427591573936	0.3644275915739376	0.3644275915739362	0.3644275915739367
409.0	0.3618560511305734	0.3618560511305737	0.3618560511305739	0.36185605113057256	0.3618560511305742	0.3618560511305728	0.36185605113057334
410.0	0.3593084213238515	0.3593084213238517	0.35930842132385205	0.3593084213238506	0.35930842132385227	0.3593084213238509	0.35930842132385143
411.0	0.35678442760290385	0.356784427602904	0.35678442760290424	0.35678442760290296	0.3567844276029045	0.35678442760290313	0.3567844276029038
412.0	0.3542837991522896	0.3542837991522898	0.3542837991522901	0.3542837991522887	0.3542837991522903	0.3542837991522889	0.35428379915228947
413.0	0.35180626883348753	0.35180626883348776	0.35180626883348803	0.35180626883348676	0.3518062688334883	0.3518062688334869	0.3518062688334876
414.0	0.3493515731274214	0.34935157312742154	0.34935157312742193	0.3493515731274205	0.3493515731274221	0.34935157312742066	0.3493515731274214
415.0	0.3469194520779973	0.34691945207799746	0.3469194520779978	0.34691945207799646	0.34691945207799807	0.3469194520779967	0.34691945207799724
416.0	0.3445096492366338	0.34450964923663396	0.34450964923663424	0.34450964923663296	0.3445096492366346	0.3445096492366331	0.3445096492366338
417.0	0.34212191160776684	0.34212191160776706	0.3421219116077673	0.34212191160776606	0.3421219116077676	0.3421219116077663	0.34212191160776684
418.0	0.3397559895953053	0.3397559895953055	0.33975598959530573	0.33975598959530445	0.339755989595306	0.3397559895953046	0.3397559895953052
419.0	0.33741163695002574	0.33741163695002596	0.3374116369500263	0.33741163695002496	0.3374116369500265	0.3374116369500251	0.3374116369500257
420.0	0.3350886107178837	0.3350886107178839	0.33508861071788415	0.3350886107178829	0.3350886107178844	0.33508861071788304	0.33508861071788365
421.0	0.33278667118922356	0.3327866711892237	0.332786671189224	0.33278667118922267	0.3327866711892242	0.33278667118922295	0.3327866711892235
422.0	0.33050558184887247	0.3305055818488727	0.33050558184887296	0.3305055818488717	0.33050558184887313	0.3305055818488718	0.3305055818488725
423.0	0.3282451093270999	0.32824510932710005	0.32824510932710027	0.32824510932709905	0.32824510932710055	0.32824510932709916	0.32824510932709994
424.0	0.326005023351425	0.3260050233514252	0.32600502335142545	0.32600502335142423	0.3260050233514257	0.3260050233514244	0.326005023351425
425.0	0.32378509669925665	0.32378509669925676	0.32378509669925704	0.3237850966992558	0.32378509669925726	0.3237850966992559	0.32378509669925654
426.0	0.32158510515135136	0.3215851051513515	0.32158510515135175	0.3215851051513505	0.3215851051513519	0.32158510515135064	0.3215851051513513
427.0	0.3194048274460709	0.31940482744607107	0.31940482744607124	0.3194048274460701	0.31940482744607157	0.31940482744607024	0.3194048274460709
428.0	0.3172440452344264	0.31724404523442656	0.31724404523442684	0.3172440452344256	0.3172440452344271	0.31724404523442573	0.3172440452344264
429.0	0.3151025430358929	0.315102543035893	0.3151025430358933	0.3151025430358921	0.3151025430358935	0.3151025430358923	0.3151025430358928
430.0	0.31298010819497984	0.31298010819497996	0.3129801081949803	0.31298010819497907	0.31298010819498046	0.31298010819497923	0.31298010819497984
431.0	0.3108765308385439	0.310876530838544	0.3108765308385443	0.31087653083854305	0.3108765308385445	0.3108765308385433	0.31087653083854383
432.0	0.30879160383382903	0.3087916038338291	0.3087916038338294	0.3087916038338283	0.3087916038338297	0.30879160383382837	0.30879160383382903
433.0	0.30672512274722097	0.3067251227472211	0.30672512274722136	0.3067251227472202	0.3067251227472216	0.30672512274722036	0.30672512274722075
434.0	0.3046768858037008	0.3046768858037009	0.3046768858037013	0.3046768858037	0.3046768858037014	0.3046768858037001	0.3046768858037007
435.0	0.30264669384698833	0.3026466938469885	0.3026466938469888	0.3026466938469876	0.302646693846989	0.30264669384698784	0.3026466938469883
436.0	0.3006343503003571	0.30063435030035723	0.30063435030035757	0.30063435030035635	0.3006343503003577	0.30063435030035657	0.300634350300357
437.0	0.2986396611281128	0.2986396611281129	0.2986396611281132	0.29863966112811197	0.2986396611281134	0.29863966112811213	0.29863966112811274
438.0	0.2966624347977203	0.29666243479772036	0.29666243479772064	0.2966624347977195	0.29666243479772086	0.2966624347977197	0.2966624347977202
439.0	0.29470248224256795	0.29470248224256806	0.29470248224256834	0.29470248224256723	0.29470248224256856	0.29470248224256734	0.29470248224256784
440.0	0.29275961682535706	0.2927596168253572	0.2927596168253575	0.29275961682535634	0.2927596168253577	0.29275961682535645	0.292759616825357
441.0	0.29083365430210517	0.2908336543021053	0.2908336543021055	0.29083365430210445	0.29083365430210584	0.2908336543021045	0.29083365430210506
442.0	0.28892441278675096	0.28892441278675113	0.28892441278675135	0.28892441278675024	0.28892441278675157	0.28892441278675035	0.28892441278675085
443.0	0.2870317127163509	0.287031712716351	0.28703171271635125	0.2870317127163501	0.28703171271635153	0.28703171271635025	0.2870317127163508
444.0	0.28515537681685516	0.28515537681685527	0.2851553768168555	0.28515537681685443	0.28515537681685577	0.28515537681685454	0.28515537681685516
445.0	0.2832952300694531	0.2832952300694533	0.28329523006945356	0.28329523006945245	0.2832952300694538	0.2832952300694526	0.2832952300694531
446.0	0.2814510996774783	0.2814510996774784	0.2814510996774787	0.2814510996774776	0.2814510996774789	0.28145109967747783	0.28145109967747817
447.0	0.27962281503386	0.27962281503386016	0.27962281503386044	0.27962281503385933	0.27962281503386066	0.27962281503385944	0.27962281503385994
448.0	0.27781020768911546	0.27781020768911563	0.2778102076891158	0.2778102076891148	0.2778102076891161	0.2778102076891149	0.2778102076891154
449.0	0.27601311131986894	0.27601311131986894	0.2760131113198693	0.2760131113198682	0.27601311131986955	0.27601311131986833	0.27601311131986894
450.0	0.2742313616978902	0.27423136169789036	0.27423136169789053	0.2742313616978895	0.27423136169789075	0.27423136169788964	0.2742313616978901
451.0	0.2724647966596424	0.2724647966596425	0.27246479665964274	0.2724647966596417	0.27246479665964296	0.27246479665964185	0.2724647966596423
452.0	0.2707132560763295	0.2707132560763296	0.2707132560763299	0.2707132560763288	0.2707132560763301	0.2707132560763289	0.2707132560763294
453.0	0.2689765818244349	0.268976581824435	0.2689765818244353	0.2689765818244343	0.2689765818244355	0.26897658182443435	0.2689765818244348
454.0	0.2672546177567418	0.2672546177567419	0.2672546177567422	0.2672546177567411	0.2672546177567424	0.2672546177567413	0.2672546177567417
455.0	0.265547209673827	0.2655472096738271	0.26554720967382733	0.2655472096738263	0.2655472096738275	0.2655472096738265	0.26554720967382694
456.0	0.26385420529601894	0.2638542052960191	0.26385420529601933	0.26385420529601833	0.2638542052960195	0.2638542052960184	0.26385420529601894
457.0	0.26217545423581196	0.2621754542358121	0.2621754542358123	0.26217545423581123	0.2621754542358125	0.26217545423581146	0.2621754542358118
458.0	0.2605108079707288	0.26051080797072895	0.2605108079707291	0.2605108079707282	0.26051080797072934	0.26051080797072823	0.26051080797072873
459.0	0.2588601198166226	0.2588601198166227	0.258860119816623	0.258860119816622	0.25886011981662316	0.2588601198166221	0.25886011981662255
460.0	0.2572232449014107	0.2572232449014108	0.2572232449014111	0.2572232449014101	0.2572232449014113	0.25722324490141024	0.25722324490141063
461.0	0.2556000401392331	0.25560004013923326	0.25560004013923354	0.25560004013923254	0.2556000401392337	0.2556000401392327	0.25560004013923315
462.0	0.2539903642050269	0.2539903642050271	0.2539903642050273	0.2539903642050263	0.25399036420502746	0.25399036420502646	0.25399036420502685
463.0	0.2523940775095101	0.25239407750951026	0.2523940775095105	0.25239407750950943	0.25239407750951065	0.2523940775095096	0.25239407750951
464.0	0.25081104217456707	0.25081104217456723	0.2508110421745674	0.2508110421745664	0.25081104217456757	0.2508110421745665	0.250811042174567
465.0	0.24924112200902854	0.24924112200902868	0.24924112200902887	0.2492411220090279	0.2492411220090291	0.24924112200902807	0.24924112200902848
466.0	0.24768418248483945	0.24768418248483964	0.24768418248483987	0.24768418248483887	0.24768418248484003	0.24768418248483898	0.24768418248483945
467.0	0.24614009071360674	0.24614009071360687	0.24614009071360712	0.2461400907136061	0.2461400907136073	0.24614009071360624	0.24614009071360674
468.0	0.24460871542352158	0.2446087154235217	0.24460871542352194	0.24460871542352097	0.2446087154235221	0.24460871542352108	0.2446087154235215
469.0	0.24308992693664908	0.2430899269366492	0.24308992693664946	0.2430899269366485	0.24308992693664966	0.2430899269366486	0.24308992693664905
470.0	0.24158359714657784	0.24158359714657796	0.24158359714657815	0.24158359714657718	0.24158359714657834	0.24158359714657737	0.2415835971465778
471.0	0.24008959949642492	0.24008959949642503	0.24008959949642517	0.24008959949642428	0.2400895994964254	0.24008959949642442	0.24008959949642483
472.0	0.23860780895718797	0.2386078089571881	0.2386078089571883	0.23860780895718736	0.23860780895718847	0.2386078089571875	0.23860780895718792
473.0	0.2371381020064404	0.2371381020064405	0.23713810200644075	0.2371381020064398	0.23713810200644087	0.2371381020064399	0.23713810200644034
474.0	0.23568035660736134	0.2356803566073615	0.23568035660736164	0.2356803566073607	0.2356803566073618	0.23568035660736084	0.2356803566073613
475.0	0.2342344521880969	0.234234452188097	0.23423445218809721	0.23423445218809633	0.2342344521880974	0.23423445218809644	0.23423445218809685
476.0	0.23280026962144484	0.23280026962144493	0.23280026962144515	0.23280026962144423	0.23280026962144534	0.23280026962144437	0.23280026962144484
477.0	0.2313776912048581	0.23137769120485818	0.2313776912048584	0.2313776912048575	0.23137769120485852	0.2313776912048576	0.23137769120485804
478.0	0.22996660064076183	0.2299666006407619	0.2299666006407622	0.22996660064076124	0.22996660064076235	0.22996660064076138	0.2299666006407618
479.0	0.22856688301717754	0.22856688301717765	0.22856688301717787	0.22856688301717695	0.228566883017178	0.22856688301717706	0.2285668830171775
480.0	0.2271784247886498	0.22717842478864994	0.22717842478865014	0.22717842478864925	0.2271784247886503	0.22717842478864933	0.22717842478864977
481.0	0.22580111375746958	0.22580111375746972	0.2258011137574699	0.225801113757469	0.22580111375747006	0.2258011137574692	0.22580111375746953
482.0	0.22443483905519016	0.2244348390551903	0.22443483905519052	0.2244348390551896	0.22443483905519068	0.2244348390551897	0.22443483905519013
483.0	0.22307949112442946	0.2230794911244295	0.22307949112442976	0.2230794911244289	0.22307949112442993	0.22307949112442896	0.22307949112442946
484.0	0.2217349617009538	0.22173496170095391	0.2217349617009541	0.22173496170095325	0.2217349617009543	0.22173496170095336	0.22173496170095378
485.0	0.22040114379603942	0.22040114379603956	0.22040114379603976	0.2204011437960389	0.22040114379603992	0.220401143796039	0.2204011437960394
486.0	0.21907793167910633	0.2190779316791064	0.2190779316791066	0.21907793167910572	0.21907793167910675	0.21907793167910583	0.21907793167910625
487.0	0.21776522086061856	0.2177652208606186	0.21776522086061878	0.21776522086061795	0.21776522086061897	0.21776522086061803	0.21776522086061847
488.0	0.2164629080752486	0.21646290807524868	0.2164629080752489	0.21646290807524804	0.216462908075249	0.21646290807524815	0.2164629080752486
489.0	0.21517089126530023	0.21517089126530034	0.21517089126530053	0.21517089126529965	0.21517089126530073	0.2151708912652998	0.21517089126530017
490.0	0.21388906956438447	0.21388906956438455	0.2138890695643848	0.21388906956438392	0.21388906956438494	0.21388906956438403	0.21388906956438442
491.0	0.21261734328134604	0.21261734328134616	0.21261734328134632	0.2126173432813455	0.21261734328134646	0.21261734328134557	0.21261734328134593
492.0	0.21135561388443524	0.2113556138844354	0.21135561388443558	0.21135561388443475	0.21135561388443574	0.21135561388443483	0.21135561388443527
493.0	0.21010378398572116	0.21010378398572124	0.21010378398572152	0.21010378398572066	0.21010378398572163	0.21010378398572077	0.21010378398572116
494.0	0.20886175732574103	0.20886175732574117	0.2088617573257414	0.20886175732574053	0.20886175732574153	0.20886175732574067	0.20886175732574103
495.0	0.207629438758385	0.20762943875838508	0.20762943875838524	0.20762943875838444	0.2076294387583854	0.20762943875838458	0.20762943875838494
496.0	0.2064067342360072	0.20640673423600733	0.20640673423600753	0.20640673423600675	0.20640673423600772	0.20640673423600683	0.20640673423600722
497.0	0.2051935507947653	0.20519355079476545	0.20519355079476562	0.20519355079476478	0.20519355079476576	0.20519355079476492	0.20519355079476528
498.0	0.20398979654017893	0.20398979654017904	0.20398979654017926	0.2039897965401784	0.20398979654017937	0.20398979654017857	0.20398979654017887
499.0	0.2027953806329074	0.2027953806329075	0.20279538063290764	0.20279538063290686	0.2027953806329078	0.20279538063290697	0.20279538063290733
